                             OCC  OCC_BASELINE  OCC_RECENT  NONZERO_YEARS   PO  PF  NP  GROWTH_RATE  GROWTH_RATE_RATIO
CONCEPT_NORM                                                                                                          
impact                       174            18          81             10  5.0  32   8    26.116670           0.749617
development                  123            20          43             10  4.0  20   9    19.581317           0.562036
effect                       120            17          45             10  3.0  22   7    32.927394           0.945103
influence                     94            18          37             10  4.0  16   8    18.920712           0.543074
decision making               85            15          31             10  3.0  15   8    22.284454           0.639623
change                        83            15          33             10  3.0  14   8    21.234394           0.609483
management                    76            11          26             10  2.0  16   8    29.683955           0.852008
relationship                  75            15          35             10  2.0  16   9    25.992105           0.746042
strategy                      72            12          36             10  3.0  17   9    21.255954           0.610102
cost                          71            11          21             10  2.0  13   9    23.118611           0.663565
interaction                   68            11          32             10  2.0  15   9    25.091854           0.720202
sustainable development       67            11          23             10  2.0  13   9    23.118611           0.663565
economics                     67            18          21             10  3.0   9   6    20.093696           0.576742
government                    64             8          24             10  2.0  12   8    25.103340           0.720532
environment                   57            11          14             10  2.0  11   8    23.750037           0.681689
role                          52            10          25             10  1.0  10   9    29.154967           0.836825
human                         51            11          24             10  1.0  15   2   287.298335           8.246221
supply chain                  51            11          16              9  1.0   9   1   800.000000          22.962113
risk                          49             7          20             10  1.0   8   9    25.992105           0.746042
performance                   49            15          14             10  1.0   8   1   700.000000          20.091848
challenge                     49             5          33              9  1.0  13   9    32.975455           0.946483
trend                         48             7          24             10  1.0  11   5    61.539427           1.766344
insight                       47             4          32              9  1.0  20   5    82.056420           2.355236
implementation                44            10          17             10  1.0   9   5    55.184557           1.583943
construction                  43             4          19             10  1.0   9   9    27.651801           0.793680
industry                      43             2          17              9  1.0  11   9    30.529988           0.876291
efficiency                    42             6          18             10  1.0   9   3   108.008382           3.100126
stage                         41             4          21             10  1.0   8   8    29.683955           0.852008
operation                     40             4           8              9  1.0  11   9    30.529988           0.876291
planning                      38             5          10             10  1.0   8   9    25.992105           0.746042
improvement                   38             5          14              9  1.0  10   8    33.352143           0.957295
production                    38             6          16              9  1.0  11   6    49.130148           1.410165
effectiveness                 38             7          22             10  1.0  13   9    32.975455           0.946483
stakeholder                   37             8          20              9  1.0   7   5    47.577316           1.365595
sustainability                37             3          16              9  1.0   9   7    36.873811           1.058376
economy                       36             6           9              9  1.0   9   8    31.607401           0.907216
energy                        36             2          21              9  1.0   8   9    25.992105           0.746042
country                       36             3          12             10  1.0   8   9    25.992105           0.746042
understand                    36             5          19             10  1.0  10   9    29.154967           0.836825
resource                      34             4          12             10  1.0   6   8    25.103340           0.720532
region                        33             6          16             10  1.0   8   6    41.421356           1.188902
water                         32             2          10              9  1.0   7   8    27.537311           0.790394
support                       32             6          14             10  1.0   6   9    22.028494           0.632276
growth                        32             3          21              9  1.0  10   7    38.949549           1.117955
attention                     31             9           8             10  1.0   5   5    37.972966           1.089924
reduction                     31             4          14             10  1.0   8   9    25.992105           0.746042
technology                    31             3          14              8  2.0   8   6    25.992105           0.746042
manufacture                   30            12           3              8  1.0   9   7    36.873811           1.058376
suggestion                    30             3           9              9  1.0   7   7    32.046925           0.919831
integration                   30             8          12             10  1.0   5   9    19.581317           0.562036
complexity                    30             5          14             10  1.0   8   8    29.683955           0.852008
information                   30             4          14             10  1.0   7   9    24.136582           0.692784
structure                     30             8           9             10  1.0   5   8    22.284454           0.639623
condition                     30             4          16              9  1.0   7   8    27.537311           0.790394
water resource                29             3           9              9  1.0   7   7    32.046925           0.919831
climate change                29             1          14              8  1.0   6   9    22.028494           0.632276
building                      29             6           7             10  1.0   5   9    19.581317           0.562036
solution                      28             8           9              9  1.0   6   4    56.508458           1.621942
quality                       28             6          10             10  1.0   6   9    22.028494           0.632276
address                       28             3          16              9  1.0  10   8    33.352143           0.957295
carbon emission               28             2          16              8  1.0   9   9    27.651801           0.793680
sector                        27             3           9             10  1.0   8   9    25.992105           0.746042
agricultural                  27             6          11              9  1.0   6   6    34.800615           0.998870
source                        27             4           8              9  1.0   6   9    22.028494           0.632276
characteristic                27             9           7             10  1.0   6   5    43.096908           1.236995
market                        27             5          12             10  1.0   5   9    19.581317           0.562036
waste management              26             7           6              9  1.0   5   0          inf                inf
recycling                     26             4           9             10  1.0   6   8    25.103340           0.720532
waste                         26             6           8             10  1.0   4   8    18.920712           0.543074
city                          26             7           8              8  1.0   5   6    30.766049           0.883067
economic development          26             2          11              8  1.0   6   6    34.800615           0.998870
state                         26             6           9              8  1.0   6   9    22.028494           0.632276
rate                          25             4           5             10  1.0   5   9    19.581317           0.562036
field                         25             7           5              8  1.0   6   7    29.170834           0.837280
knowledge                     25             3           9              8  1.0   6   9    22.028494           0.632276
evolution                     25             3          11              9  1.0   6   8    25.103340           0.720532
product                       24             5           7              9  1.0   4   7    21.901365           0.628627
analyze                       24             4          13              8  1.0   5   9    19.581317           0.562036
mechanism                     24             6          11              8  1.0   5   9    19.581317           0.562036
sale                          24             5          10              9  1.0   5   8    22.284454           0.639623
potential                     24             2          15              8  1.0   8   6    41.421356           1.188902
principle                     24             8           7              9  1.0   6   5    43.096908           1.236995
water supply                  23             3           4              8  1.0   6   7    29.170834           0.837280
project                       23             5           7              8  1.0   5   6    30.766049           0.883067
goal                          23             2          12              8  1.0   5   6    30.766049           0.883067
flow diagram                  23             6           7              9  1.0   5   8    22.284454           0.639623
perspective                   22             3          10              9  1.0   5   9    19.581317           0.562036
information management        21            12           3             10  1.0   6   4    56.508458           1.621942
dynamic sd                    21             5           3             10  1.0   5   8    22.284454           0.639623
policymaker                   21             1          14              8  1.0   8   7    34.590019           0.992825
lack                          21             4           4              9  1.0   5   9    19.581317           0.562036
benefit                       21             5           8              9  1.0   5   8    22.284454           0.639623
focus                         21             4          10              9  1.0   6   9    22.028494           0.632276
expert                        21             1          11              8  1.0   5   7    25.849895           0.741960
emission                      20             0           9              7  1.0   4   5    31.950791           0.917072
policy making                 20             6           6              9  1.0   5   9    19.581317           0.562036
water management              20             2           2              8  1.0   6   8    25.103340           0.720532
weight                        20             1           8              8  1.0   4   7    21.901365           0.628627
decision                      20             3           4              9  1.0   5   9    19.581317           0.562036
economic and social effects   20             7           7             10  1.0   3   6    20.093696           0.576742
transportation                20             2           5              8  1.0   5   9    19.581317           0.562036
loss                          20             3           9              8  1.0   5   4    49.534878           1.421782
ton                           20             0          12              7  1.0   7   5    47.577316           1.365595
price                         19             2           9              8  1.0   4   5    31.950791           0.917072
energy consumption            19             3           7              7  1.0   4   1   300.000000           8.610792
society                       19             2           8              9  1.0   4   8    18.920712           0.543074
emission control              18             2           3              8  1.0   5   9    19.581317           0.562036
input                         18             3           6              9  1.0   4   7    21.901365           0.628627
economic growth               18             2           8              8  1.0   4   4    41.421356           1.188902
crop                          18             1           6              7  1.0   5   8    22.284454           0.639623
causal diagram                18             2           6              6  1.0   6   5    43.096908           1.236995
world                         18             1           5              8  1.0   5   8    22.284454           0.639623
rise                          18             3           9              9  1.0   6   9    22.028494           0.632276
carbon dioxide                17             2          10              7  1.0   4   5    31.950791           0.917072
delay                         17             3           7              9  1.0   4   7    21.901365           0.628627
artificial intelligence       17             4          10              7  1.0   7   6    38.308755           1.099562
casual loop diagram           17             2           9              8  1.0   5   9    19.581317           0.562036
degree                        17             2           4              8  1.0   5   8    22.284454           0.639623
risk factor                   17             2           9              7  1.0   5   6    30.766049           0.883067
construction industry         16             3           4              8  1.0   6   9    22.028494           0.632276
supply                        16             4           7              8  1.0   3   5    24.573094           0.705313
decision support system       16             8           3              8  1.0   4   8    18.920712           0.543074
inventory                     16             5           5              7  1.0   4   1   300.000000           8.610792
scenario analysis             16             5           7              8  1.0   5   6    30.766049           0.883067
growth rate                   16             2           6              8  1.0   3   4    31.607401           0.907216
logistic                      16             1           5              7  1.0   5   9    19.581317           0.562036
user                          16             0           3              6  1.0   4   4    41.421356           1.188902
consumption                   16             3           9              7  1.0   4   5    31.950791           0.917072
systems thinking              16             2           7              7  1.0   4   8    18.920712           0.543074
farmer                        16             1          11              8  1.0   5   7    25.849895           0.741960
difference                    15             2           6              7  1.0   3   6    20.093696           0.576742
service                       15             4           3              8  1.0   4   4    41.421356           1.188902
pandemic                      15             0           7              5  1.0   5   5    37.972966           1.089924
quantity                      15             0           7              7  1.0   4   3    58.740105           1.685996
response                      15             2           8              6  1.0   4   5    31.950791           0.917072
modeling and simulation       15             4           3              9  1.0   3   3    44.224957           1.269373
experience                    15             4           8              8  1.0   4   7    21.901365           0.628627
group                         15             2           7              7  1.0   6   6    34.800615           0.998870
dimension                     15             1          12              6  1.0   6   9    22.028494           0.632276
formation                     15             2           8              9  1.0   5   8    22.284454           0.639623
recovery                      15             1           4              7  1.0   5   8    22.284454           0.639623
dynamics simulation           15             3           6              7  1.0   4   8    18.920712           0.543074
long term                     15             2           7              7  1.0   5   9    19.581317           0.562036
development trend             15             4           4              7  1.0   6   7    29.170834           0.837280
dynamic modeling              14             2           3              7  1.0   3   2    73.205081           2.101179
automotive industry           14             2           8              8  1.0   5   9    19.581317           0.562036
feasibility                   14             3           6              9  1.0   4   7    21.901365           0.628627
business                      14             0           6              7  1.0   3   4    31.607401           0.907216
emissions reduction           14             3           5              7  1.0   4   8    18.920712           0.543074
dynamics simulation model     14             5           4              9  1.0   3   5    24.573094           0.705313
management strategy           14             3           6              8  1.0   4   8    18.920712           0.543074
nonhuman                      14             3           6              6  1.0   4   4    41.421356           1.188902
vehicle                       14             2           5              6  1.0   5   9    19.581317           0.562036
adjustment                    14             1           6              5  1.0   4   7    21.901365           0.628627
key                           13             1           5              6  1.0   5   7    25.849895           0.741960
decision support              13             8           2              8  1.0   4   8    18.920712           0.543074
water shortage                13             2           3              7  1.0   5   9    19.581317           0.562036
energy policy                 13             2           8              7  1.0   5   8    22.284454           0.639623
calculation                   13             2           1              7  1.0   6   8    25.103340           0.720532
boundary                      13             2           7              7  1.0   4   4    41.421356           1.188902
urban area                    13             1           4              6  1.0   6   7    29.170834           0.837280
progress                      13             3           6              7  1.0   3   5    24.573094           0.705313
simulation modeling           13             4           2              8  1.0   3   4    31.607401           0.907216
key variables                 13             1           9              6  1.0   6   9    22.028494           0.632276
information system            13             5           4              7  1.0   3   6    20.093696           0.576742
key factors                   13             1           7              6  1.0   5   7    25.849895           0.741960
transition                    13             1          10              6  1.0   5   8    22.284454           0.639623
decade                        12             3           6              6  1.0   3   4    31.607401           0.907216
equipment                     12             4           3              7  1.0   3   5    24.573094           0.705313
conceptual model              12             2           1              5  1.0   4   2   100.000000           2.870264
food security                 12             2           7              7  1.0   5   5    37.972966           1.089924
dynamics modeling approach    12             3           3              7  1.0   3   6    20.093696           0.576742
energy utilization            12             1           3              6  1.0   4   7    21.901365           0.628627
female                        12             2           7              8  1.0   5   8    22.284454           0.639623
subsidy                       12             0           6              6  1.0   4   6    25.992105           0.746042
availability                  12             2           4              6  1.0   3   3    44.224957           1.269373
selection                     12             1           1              6  1.0   5   7    25.849895           0.741960
scale                         12             1           7              6  1.0   5   7    25.849895           0.741960
gross domestic production     12             0           4              5  1.0   4   6    25.992105           0.746042
productivity                  12             0           6              7  1.0   3   5    24.573094           0.705313
simulation experiment         12             4           3              7  1.0   2   3    25.992105           0.746042
model validation              12             0           7              6  1.0   4   6    25.992105           0.746042
coordination                  12             2           7              6  1.0   3   3    44.224957           1.269373
irrigation                    12             1           3              5  1.0   4   8    18.920712           0.543074
greenhouse gasses emissions   11             1           7              7  1.0   4   7    21.901365           0.628627
electric vehicle              11             0           6              6  1.0   4   4    41.421356           1.188902
consumer                      11             1           7              6  1.0   5   7    25.849895           0.741960
knowledge transfer            11             2           4              5  1.0   4   3    58.740105           1.685996
diagram                       11             2           5              6  1.0   3   5    24.573094           0.705313
regulation                    11             2           4              5  1.0   3   1   200.000000           5.740528
identification                11             0           6              5  1.0   3   6    20.093696           0.576742
extent                        11             0           4              6  1.0   3   6    20.093696           0.576742
stock                         11             4           4              6  1.0   4   3    58.740105           1.685996
disaster                      11             0           4              6  1.0   3   5    24.573094           0.705313
resilience                    11             0           7              6  1.0   3   6    20.093696           0.576742
education                     11             0           6              7  1.0   3   6    20.093696           0.576742
river                         11             0           1              4  1.0   5   2   123.606798           3.547841
background                    11             0           5              6  1.0   3   4    31.607401           0.907216
infrastructure                11             1           6              5  1.0   5   7    25.849895           0.741960
driver                        11             1           7              6  1.0   5   9    19.581317           0.562036